算了一条101重，21035权重的。。。。不过是125秒算出来的。
688|3419|345|1324|324|3687|2987|300|3387|1682|511|1440|675|2766|1327|1052|3453|190|3074|2008|1058|1979|1791|2569|1086|490|1603|3760|1175|378|3187|71|2449|265|2897|557|2764|25|2106|1912|2715|1271|3463|711|125|2414|1476|3040|2848|1950|2535|2403|31|740|2598|979|1076|1354|474|639|2744|2573|3594|816|1064|1155|2245|2585|2243|1403|1523|2339|3564|3800|1228|350|1948|2681|3773|3181|3662|2565|3301|479|2882|3382|3406|3404|982|1298|625|2806|401|2782|2695|1777|3452|3776|2156|1022|1280|1599|870|1222|3598|701|3585|2123|1145|708|449|2847|551|2588|3231|272|992|1978|1723|2267|1927|3458|2516|1480|2686|3732|2324|1454|2724|2846|386|1370|3723|3138|2637|10|1868|2174|1243|428|331|1888|412|872|2476|1002|320|147|2201|2625|3282|48|3529|1236|0|808|2868|274|3028|2280|676|248|1513|1027|1117|2611|1985|2608|1813|3855|1225|1163|1688|2357|1732|1092|86|2762|2992|1590|2343|543|3389|510|150|851|1919|3824|3238|596|151|2512|613|2991|1042|1081|3716|2590|951|1772|3566|1192|1359|3446|962|3441|3686|477|3177|3163|1697|348|3480|3060|1334|1712|2037|1266|2964|3740|2644|1486|3842|138|211|2863|3254|3769|2874|2931|1494|3502|411|1118|2030|1518|2778|1283|3499|1168|3420|2128|3796|2745|1383|2207|2086|3411|1519|1187|2774|1402|1986|946|1484|2301|582|2485|2627|328|2222|471|1651|3695|1253|2132|1161|2689|452|3363|2864|496|3790|1727|997|741|133|2675|566|607|2219|2794|2275|1103|416|352|2519|2617|1806|943|993|1816|2296|3435|2397|1875|462|3262|1781|3835|3781|91|1841

3652|345|361|3687|3649|3387|1066|1440|13|1327|640|190|2546|1058|2374|2569|2975|1603|116|378|2669|2449|488|557|2823|2106|3484|1271|3356|125|2014|3040|2548|2535|806|740|3371|1076|2632|639|1384|3594|2212|1155|748|2243|1606|2339|1820|1228|1737|2681|600|3662|3815|479|2769|3406|3128|1298|3054|401|3814|1777|219|2156|1909|1599|3046|3598|914|2123|80|449|2604|2588|2146|992|1178|2267|3587|2516|920|3732|3777|2724|276|1370|3334|2637|1617|2174|555|331|3758|872|1091|320|3448|2625|2407|3529|3224|808|473|3028|1481|248|65|1117|887|2608|2001|1225|3192|2357|160|86|1871|1590|3428|3389|2489|851|339|3238|3044|2512|415|1042|1275|2590|438|3566|445|3446|3623|3686|922|3163|3541|3480|829|1712|977|2964|1007|1486|3307|211|3100|3769|3397|1494|705|1118|1162|2778|3293|1168|2085|3796|2026|2207|3546|1519|2125|1402|868|1484|2058|2485|1890|2222|2393|3695|3341|1161|3375|3363|923|3790|1029|741|690|566|1859|2794|644|416|2704|2617|2731|993|1778|3435|362|462|1472|3835|2098|1352|1841

10231+10804 cost
242392           time
101                conflict path
 3652|345|361|3687|3649|3387|1066|1440|13|1327|640|190|2546|1058|2374|2569|2975|1603|116|378|2669|2449|488|557|2823|2106|3484|1271|3356|125|2014|3040|2548|2535|806|740|3371|1076|2632|639|1384|3594|2212|1155|748|2243|1606|2339|1820|1228|1737|2681|600|3662|3815|479|2769|3406|3128|1298|3054|401|3814|1777|219|2156|1909|1599|3046|3598|914|2123|80|449|2604|2588|2146|992|1178|2267|3587|2516|920|3732|3777|2724|276|1370|3334|2637|1617|2174|555|331|3758|872|1091|320|3448|2625|2407|3529|3224|808|473|3028|1481|248|65|1117|887|2608|2001|1225|3192|2357|160|86|1871|1590|3428|3389|2489|851|339|3238|3044|2512|415|1042|1275|2590|438|3566|445|3446|3623|3686|922|3163|3541|3480|829|1712|977|2964|1007|1486|3307|211|3100|3769|3397|1494|705|1118|1162|2778|3293|1168|2085|3796|2026|2207|3546|1519|2125|1402|868|1484|2058|2485|1890|2222|2393|3695|3341|1161|3375|3363|923|3790|1029|741|690|566|1859|2794|644|416|2704|2617|2731|993|1778|3435|362|462|1472|3835|3781|91|1841|


688|3419|345|1324|324|3687|2987|300|3387|1682|511|1440|675|2766|1327|1052|3453|190|3074|2008|1058|1979|1791|2569|1086|490|1603|3760|1175|378|3187|71|2449|265|2897|557|2764|25|2106|1912|2715|1271|3463|711|125|2414|1476|3040|2848|1950|2535|2403|31|740|2598|979|1076|1354|474|639|2744|2573|3594|816|1064|1155|2245|2585|2243|1403|1523|2339|3564|3800|1228|350|1948|2681|3773|3181|3662|2565|3301|479|2882|3382|3406|3404|982|1298|625|2806|401|2782|2695|1777|3452|3776|2156|1022|1280|1599|870|1222|3598|701|3585|2123|1145|708|449|2847|551|2588|3231|272|992|1978|1723|2267|1927|3458|2516|1480|2686|3732|2324|1454|2724|2846|386|1370|3723|3138|2637|10|1868|2174|1243|428|331|1888|412|872|2476|1002|320|147|2201|2625|3282|48|3529|1236|0|808|2868|274|3028|2280|676|248|1513|1027|1117|2611|1985|2608|1813|3855|1225|1163|1688|2357|1732|1092|86|2762|2992|1590|2343|543|3389|510|150|851|1919|3824|3238|596|151|2512|613|2991|1042|1081|3716|2590|951|1772|3566|1192|1359|3446|962|3441|3686|477|3177|3163|1697|348|3480|3060|1334|1712|2037|1266|2964|3740|2644|1486|3842|138|211|2863|3254|3769|2874|2931|1494|3502|411|1118|2030|1518|2778|1283|3499|1168|3420|2128|3796|2745|1383|2207|2086|3411|1519|1187|2774|1402|1986|946|1484|2301|582|2485|2627|328|2222|471|1651|3695|1253|2132|1161|2689|452|3363|2864|496|3790|1727|997|741|133|2675|566|607|2219|2794|2275|1103|416|352|2519|2617|1806|943|993|1816|2296|3435|2397|1875|462|3262|1781|3835|2098|1352|1841|

暂时求出： 重复边101，cost1=10274，cost2=10761,用时1s229ms
path1:
3652|345|361|3687|3649|3387|1066|1440|13|1327|640|190|2546|1058|2374|2569|2975|1603|116|378|2669|2449|488|557|2823|2106|3484|1271|3356|125|2014|3040|2548|2535|806|740|3371|1076|2632|639|1384|3594|2212|1155|748|2243|1606|2339|1820|1228|1737|2681|600|3662|3815|479|2769|3406|3128|1298|3054|401|3814|1777|219|2156|1909|1599|3046|3598|914|2123|80|449|2604|2588|2146|992|1178|2267|3587|2516|920|3732|3777|2724|276|1370|3334|2637|1617|2174|555|331|3758|872|1091|320|3448|2625|2407|3529|3224|808|473|3028|1481|248|65|1117|887|2608|2001|1225|3192|2357|160|86|1871|1590|3428|3389|2489|851|339|3238|3044|2512|415|1042|1275|2590|438|3566|445|3446|3623|3686|922|3163|3541|3480|829|1712|977|2964|1007|1486|3307|211|3100|3769|3397|1494|705|1118|1162|2778|3293|1168|2085|3796|2026|2207|3546|1519|2125|1402|868|1484|2058|2485|1890|2222|2393|3695|3341|1161|3375|3363|923|3790|1029|741|690|566|1859|2794|644|416|2704|2617|2731|993|1778|3435|362|462|1472|3835|2098|1352|1841
path2:
688|3419|345|1324|324|3687|2987|300|3387|1682|511|1440|675|2766|1327|1052|3453|190|3074|2008|1058|1979|1791|2569|1086|490|1603|3760|1175|378|3187|71|2449|265|2897|557|2764|25|2106|1912|2715|1271|3463|711|125|2414|1476|3040|2848|1950|2535|2403|31|740|2598|979|1076|1354|474|639|2744|2573|3594|816|1064|1155|2245|2585|2243|1403|1523|2339|3564|3800|1228|350|1948|2681|3773|3181|3662|2565|3301|479|2882|3382|3406|3404|982|1298|625|2806|401|2782|2695|1777|3452|3776|2156|1022|1280|1599|870|1222|3598|701|3585|2123|1145|708|449|2847|551|2588|3231|272|992|1978|1723|2267|1927|3458|2516|1480|2686|3732|2324|1454|2724|2846|386|1370|3723|3138|2637|10|1868|2174|1243|428|331|1888|412|872|2476|1002|320|147|2201|2625|3282|48|3529|1236|0|808|2868|274|3028|2280|676|248|1513|1027|1117|2611|1985|2608|1813|3855|1225|1163|1688|2357|1732|1092|86|2762|2992|1590|2343|543|3389|510|150|851|1919|3824|3238|596|151|2512|613|2991|1042|1081|3716|2590|951|1772|3566|1192|1359|3446|962|3441|3686|477|3177|3163|1697|348|3480|3060|1334|1712|2037|1266|2964|3740|2644|1486|3842|138|211|2863|3254|3769|2874|2931|1494|3502|411|1118|2030|1518|2778|1283|3499|1168|3420|2128|3796|2745|1383|2207|2086|3411|1519|1187|2774|1402|1986|946|1484|2301|582|2485|2627|328|2222|471|1651|3695|1253|2132|1161|2689|452|3363|2864|496|3790|1727|997|741|133|2675|566|607|2219|2794|2275|1103|416|352|2519|2617|1806|943|993|1816|2296|3435|2397|1875|462|3262|1781|3835|3781|91|1841

http://bbs.csdn.net/topics/391941776