http://bbs.csdn.net/topics/391938984
两条路总权值：4501

重边数为：0

第0条命令，起点：109，终点：769，必经点数：85
必经节点0：1291 1923 463 187 748 1956 179 1246 1738 381 1914 1150 1936 1132 823 1495 991 1656 1201 243 1138 1976 648 1970 91 1288 550 1629 1680 171 992 1944 1725 1381 203 1496 925 847 746 600 140 159 703 1244 350 873 141 57 1675 1112 1034 740 1709 986 217 610 544 1036 1023 1704 1438 1248 1167 646 698 1064 63 1360 1684 985 389 1920 1819 1286 1806 613 1547 689 688 718 1557 1940 601 431 512 
第1条命令，起点：109，终点：769，必经点数：85
必经节点1：1426 457 105 970 1026 188 1299 1528 780 304 1009 1563 127 1359 181 1591 1460 1668 1651 274 1189 204 1461 1278 842 392 1406 1076 202 534 1659 1207 659 518 1986 736 1509 366 1632 1483 1326 1856 1686 1018 832 329 537 343 214 324 1451 1641 1842 1252 1165 827 276 947 1826 476 1763 335 112 1933 466 1221 759 1658 1193 398 517 380 833 18 363 1737 241 575 1424 474 1812 1837 1427 344 1161 
路径1：1432|27390|17472|9343|7592|13467|21018|5278|3264|246|25127|6171|23148|11934|12148|14204|23038|10127|25855|8076|4778|17393|27158|13300|26068|13641|937|19482|11592|22650|6319|3424|20761|16328|24325|10047|2415|1808|27268|17121|3452|2005|17137|24182|27473|1876|2934|22826|19603|7507|13679|20389|3275|10849|1714|8797|15924|2606|17409|2405|24687|20494|8114|19563|5020|8313|13505|20591|26656|24133|17254|27022|19295|22275|9153|8138|12330|14369|6301|19092|13512|17711|2756|13736|20292|27403|6634|4474|23265|17754|6000|19475|13555|993|19272|8283|26704|3103|6023|8815|7317|12666|1884|16336|8747|9318|25605|21979|26909|12642|1373|27629|2489|2982|778|3913|23465|14037|1658|7420|11687|8620|15321|4534|1178|7007|11503|19308|21602|7372|25945|9448|25842|3873|438|8271|200|10413|23936|18337|991|13534|13392|15470|26593|27701|24419|26690|18809|15196|698|10440|5206|6906|5964|4176|845|11432|14059|21481|21620|26205|1793|9537|2769|14227|26374|17172|24255|1682|14812|26962|16595|10863|2158|23619|17570|21118|19919|16540|23999|24795|25299|8194|27662|15662|12779|21969|7522|9757|6009|11122|23402|8599|1126|23356|23899|13761|27339|16423|1688|23643|4108|25974|20777|2442|23009|23568|1746|15589|2959|19884|16521|11221|7246|3394|17769|21070|4583|16071|20357|20471|13629|22003|13991|5853|23219|17743|9510|24562|23700|26345|13105|1216|16663|26509|15847|27032|16821|14599|9202|3954|10146|9635|2288|19936|16801|11568|23817|23910|23081
Open file ../test-case/lw.csv OK.
路径2：1443|22840|9210|19730|21536|17081|16407|12922|27111|24465|7083|5827|27434|253|16068|249|26024|13303|23525|5891|21253|14628|21988|10654|4996|4199|13003|6330|9776|19877|4431|5475|15897|11277|12607|10314|2366|26208|13856|375|22378|16496|2425|21168|17036|4473|22686|2470|18305|21699|17252|16048|21422|22108|16774|14742|18796|9437|24274|8949|25472|556|25524|25000|12627|12069|2764|15532|25791|7296|4093|27130|11509|20976|9302|25262|4568|20461|13550|11966|15992|15755|3737|6484|1261|8166|26695|11339|4739|7058|19683|23111|2577|22413|6220|10944|25401|4580|16099|1489|4005|23048|4684|5175|7335|7597|7312|16808|2513|2519|4488|9466|26626|20125|1493|16527|22945|20940|4276|913|19427|23401|4960|3378|13840|21690|24422|23389|14763|26759|2263|22311|4705|5019|21543|14352|11354|10269|4699|26810|90|3749|9028|14151|25208|7138|23351|1390|16161|13970|24046|18840|25586|3727|1735|5450|5312|2051|7284|7753|7810|5845|17957|11495|10067|4118|5958|5390|15276|26186|23190|6432|27320|5186|22722|13965|14086|10999|12722|19744|2234|7806|10001|8373|27552|27152|27480|20276|23481|6382|1721|23055|16635|2966|2142|20263|9364|23283|14459|17225|12414|25741|21957|16624|4078|2732|2175|17690|3240|1971|20529|26861|16940|23760|7069|4181|8918|22899|6457|5640|7352|4165|17364|17115|25753|15328|27713|24103|5589|4451|22824|20704|13193|23423|9049|5113|13704|10623|123|17888|23297|13660|20594|18204|20896|5033|17594|12907|1705|19297|6503|18961|2888|4663|16374|14055|16878|9186